4532
739
243
8005
2925
8025
6829
5055
2406
1746
6181
2137
4610
1933
2771
8703
2668
2045
2963
6602
6855
9602
9126
6726
7177
3934
7386
3341
8748
9114
2222
7506
7943
5596
9497
7973
5573
267
1404
1349
9692
9304
5862
7814
5186
7137
2966
7840
4119
15
9709
3691
7198
5419
1848
2181
6072
7524
1081
7777
765
2325
4582
7904
3192
5758
9727
7281
9669
918
6546
363
2483
9994
6575
3396
4290
2548
7730
7318
9646
7978
1835
5021
7920
7167
4607
617
1589
3319
6933
9984
7275
9722
2665
6851
3098
4665
7949
8857
1597
6583
5919
493
931
1289
3679
9493
7579
1199
9297
5859
5652
9577
5633
1707
9036
4246
9492
197
3885
1227
6008
6232
9518
6727
7919
9263
157
6927
5767
6511
3147
3877
5096
9858
4863
5558
2875
8345
1673
2936
1224
8124
3806
7849
5810
7734
6545
4552
1097
1305
4782
680
4837
3851
9408
8118
4233
4173
7468
4724
4673
4063
6485
3864
2902
4539
2802
3410
7156
2959
435
2801
3621
6224
6008
8459
2205
566
1923
4774
8628
9180
7850
2654
9903
8953
927
6490
1953
1814
1585
512
2742
9319
2758
3841
4726
6126
816
2076
9758
9369
7480
9661
5182
5849
9120
4141
484
8223
9020
598
4125
1626
8810
9116
811
6736
3902
3686
6766
4359
9966
7152
8421
8660
6095
9158
9907
7562
4378
2672
2164
6278
8360
7818
6928
4187
4187
3446
1583
7558
4521
278
8616
3056
231
9432
1027
8268
7217
888
4969
7304
9206
994
1427
839
4567
8284
424
1149
1659
589
124
1833
5114
8785
6898
6451
7093
13
1289
1732
8091
9190
4588
3439
8004
9130
8544
1991
5398
2658
4227
1439
544
4894
7067
2995
5690
8466
8420
4769
223
8771
2159
5859
7529
4531
8423
4021
100
6301
2989
9674
9776
7626
6468
6839
5637
3462
8631
9224
8895
5601
6018
5487
8161
6858
334
2996
6798
8583
4272
9201
8357
3149
3233
463
7499
5261
6033
4852
865
201
9097
6748
4957
7051
7311
8130
9438
684
3790
4562
9296
7308
6487
8093
8904
3653
602
9871
9912
9325
2383
3720
6770
8416
2693
567
2249
8072
2703
3075
5828
4477
9088
6168
624
8656
1385
5472
2045
5014
5493
9632
8419
8635
4698
9115
8718
1681
3831
9172
1670
3701
3931
3878
1972
1543
7308
2081
7901
8628
4256
8493
9197
2831
6187
7105
7253
434
9026
4185
5482
2384
4609
3681
1947
8105
9870
4840
2388
4703
8707
672
3408
5183
7381
3741
5784
6697
4763
6807
3969
309
7031
8632
8318
5920
7131
7714
4066
7374
4041
8064
1007
3796
2341
717
8963
8419
4184
6166
8319
7192
1331
5694
1459
9895
4695
0
6807
5843
3404
4843
6299
3074
171
3885
4294
3246
3769
9448
2854
451
2898
9188
2220
1956
6190
5804
235
6087
5469
8823
8467
1154
1834
6209
4207
4002
1500
2935
8856
4702
3095
2802
4073
2093
9842
1958
8388
9712
3970
6341
4580
4840
8990
5831
3843
5628
2438
7157
5203
5085
720
5584
1091
4268
9490
7335
1768
4480
7119
8098
4731
4265
3368
2116
8412
3645
7814
5179
4692
3387
7228
817
6677
1469
9147
8819
1571
4152
4557
6035
5550
9084
3150
1439
8368
3486
2499
3994
2654
3747
2820
4270
7935
8428
2039
4567
6125
3633
9358
7056
9634
7371
1391
8492
6157
5707
9431
8495
5926
7433
7371
7584
9340
271
6403
3251
9725
4907
201
5443
3451
788
6856
2331
4804
1236
4365
8600
3714
947
2697
3807
1900
7864
4675
505
5765
919
1414
8751
8250
9632
299
693
7880
8241
6201
6730
6996
502
918
6318
31
5655
9231
5766
4232
512
3660
2710
7918
1878
4703
9938
3604
4017
1488
2604
2707
6361
5198
8923
4668
1384
6497
5243
6470
873
7352
257
5258
4698
9921
6315
8409
7513
9333
9584
4445
4637
641
3301
3369
5983
417
7731
8579
9836
3124
6258
726
1880
4346
156
4958
4077
6990
9339
2749
1689
4592
7298
1859
4640
1888
9299
7002
3308
2796
5397
2994
3452
2777
2450
5331
3187
1980
8550
1250
4472
7230
8342
3222
5854
6761
2085
7519
6788
4033
2631
7139
874
3210
6927
9332
744
9981
2233
8391
1338
6162
8566
3957
823
6140
7055
5893
4876
7645
5006
6224
9025
1945
1385
1126
3958
9662
4297
6918
3418
4767
2555
7900
9983
5064
4205
4043
1653
6670
5020
1057
6430
1966
1484
4061
5111
1513
1204
886
8322
8994
8658
2845
8687
6787
2448
1705
8407
1588
2609
8567
3374
5061
8693
4552
5747
4571
9364
3217
6977
2222
5533
3424
4473
8974
5764
7636
8112
1580
6483
914
4138
7262
2039
6368
4768
4670
4816
7773
6092
8756
9680
8984
4367
8056
3519
7413
4619
264
9789
2854
7012
8811
4327
7647
4429
6193
3887
4602
3782
7057
9440
3536
4935
9248
6230
1536
5567
2567
3374
3873
5904
9298
9967
2209
9829
2572
5019
3297
7503
1375
1764
9299
6089
1433
3364
5526
466
20
1127
411
8899
1811
6125
3278
7658
4375
418
1026
8337
9147
2211
8548
87
4024
1779
5093
7274
7088
9770
6110
8783
8815
6723
6378
2879
8461
3197
6287
9774
5260
2214
8586
5873
946
334
290
2605
4207
7493
1011
8872
6403
9632
7040
7205
4251
4844
3941
7511
5491
2060
2061
8182
7752
227
8190
6905
8653
2484
889
3213
8416
7502
3882
3441
8433
3249
3565
9977
9361
9094
8588
7750
3987
5738
7447
3179
730
9013
4176
7625
3005
9485
5386
6608
8616
8568
4205
4882
7197
4543
151
3068
8745
5189
9771
1967
2901
951
6760
8784
3780
6647
1831
5172
4306
9828
3676
6788
8387
5997
6437
7318
5788
8247
4033
8793
9442
9364
1990
6836
9658
6054
8459
951
5595
9776
9011
4575
8909
1755
3627
1756
9972
8102
8956
1587
3862
8898
8273
744
5530
9932
5794
3547
647
173
5208
3971
300
6374
5475
8041
7554
7836
8376
1114
