3248
1610
3761
4785
4872
5523
4809
3602
9965
6514
1139
9460
9369
2825
3997
9819
4199
1934
7449
5761
3684
8695
5011
1558
7806
5681
8535
5392
3414
2614
9232
274
1888
827
8002
2087
9704
185
4911
3326
6314
7315
6145
4026
1537
1639
5954
9619
1310
2458
2991
7393
4523
7745
850
636
5883
888
9593
5670
6556
8740
4640
9896
5224
6681
2284
3810
2953
6596
1937
4643
6333
4307
4992
7064
4201
6749
6327
2368
1366
7114
2185
5980
8624
1496
4158
5949
5395
5448
9763
3845
2097
507
8328
9238
6585
4244
4175
6467
1194
8631
3874
3112
3256
5219
602
9794
1895
7465
3286
1305
6609
6060
5129
1499
6686
2814
5031
374
6726
397
7343
6701
6590
442
684
9043
5495
9067
8128
6504
4610
9830
4341
1548
3525
1078
8567
149
5156
9837
5730
3390
1796
5451
1570
6682
9624
8296
2367
4305
5372
6
1615
9140
209
3472
136
4996
1962
2352
1043
7202
4695
6794
9299
730
2249
9744
9555
8970
4689
4378
1804
1702
4662
7490
6582
6506
1163
8913
8127
3607
7525
6829
9278
4792
3707
9984
8842
3656
9938
8641
232
7614
9793
6602
8470
1103
3694
5376
8003
2444
8633
2006
3936
9213
2027
9438
3114
6050
5526
4309
7489
10000
9745
7152
972
5698
2572
6097
2273
5594
8547
4740
797
2334
5308
3700
9172
4357
2323
8873
6490
7
9920
2243
3093
1385
2486
2953
9022
733
1914
2725
9505
6168
7576
7862
1289
7693
4900
8341
6623
9589
6380
2803
9975
3726
5913
5503
9362
7701
2199
5904
6204
8622
1160
38
9831
2898
9232
4002
2362
8689
3960
9435
8606
1900
4154
983
9594
8723
6599
5051
8180
4452
4096
68
7063
4910
5070
8241
9648
9344
1894
3246
3698
362
161
2347
5167
5465
2541
4054
5650
9070
175
8484
6579
391
326
570
6586
5288
4317
4604
8007
7338
6455
9198
7222
2860
1120
4296
3905
8472
141
4714
4371
7097
522
5247
2403
5121
2202
2744
987
63
8929
6733
2713
2177
8492
5271
4994
9476
9987
6347
9980
1011
2915
5229
7307
9116
1547
6483
1923
5003
859
3351
6684
9459
5053
2009
1017
3
1241
7410
274
6358
8520
417
6434
5344
8609
7704
5685
4012
9880
5322
3488
2337
4105
5777
1279
3219
9605
7735
5228
5705
828
4947
4450
1358
8897
2383
7211
4898
4020
4256
5577
6566
2045
6374
7399
193
8748
3626
7392
143
3646
3183
3110
3710
1191
7751
5131
630
5998
944
2329
4505
8133
3673
9825
9528
1699
3231
6417
1116
2407
5453
4935
6002
9460
8442
6616
2423
14
9716
7904
2159
6209
8861
3714
968
8664
6406
5297
3797
7717
5010
8715
4615
3790
6096
8341
7922
2047
335
4177
8413
3090
1674
8091
7133
8842
3726
5034
4090
3946
6033
4648
7936
7776
7295
1755
2610
6159
8558
650
3093
4330
1933
9355
394
3904
2175
6010
7801
8845
8655
7554
4808
8286
1297
7576
1604
668
3617
287
3820
7413
9513
8323
2577
9095
4125
1288
2412
7182
8358
4048
3459
2974
7775
2518
9349
3165
1436
9066
6529
8598
2431
9426
7992
5431
7115
9523
3868
2219
8181
8735
409
2686
1801
9165
6317
9300
5393
3364
8579
3880
2657
8197
9688
2548
4836
6301
6932
9726
5838
4314
2406
6124
1534
5105
8512
4717
4850
1196
15
718
9007
1311
3782
6735
2796
9944
7860
6475
6295
7320
5000
4164
8031
5564
2094
3030
4808
8781
6374
8658
4438
9809
9632
4356
3005
6975
4471
1036
6436
5932
4568
8320
4875
3219
2381
9899
26
4814
4996
297
9402
2805
4189
186
1230
6287
8910
1531
6657
5843
8709
7558
3644
5227
6929
2140
3183
135
6253
9297
496
3649
9171
1144
1656
723
9744
9676
667
6996
9152
2058
3163
5703
9685
4870
9175
4589
6628
798
1441
3452
4574
2267
9793
9589
789
5359
6014
46
9208
8202
6328
6809
9651
4439
2246
8382
4997
4530
5133
6812
4876
8788
2483
132
4855
6860
4013
8236
6372
5242
1431
5422
192
3350
9390
6202
6679
5928
580
8229
2387
9794
6713
1307
4983
8942
1153
9950
1781
3888
7362
1327
8949
1952
8482
7773
2857
3400
4465
4428
8274
4798
8374
2417
4984
9806
5961
2627
7898
2819
5618
4460
1600
310
375
4181
5605
5405
3162
7001
3116
7877
2526
5981
8435
5655
6163
5525
246
8790
6210
4476
1059
6290
5565
4408
8196
4650
4118
2410
7798
8731
8068
155
7931
5941
2386
7590
3705
4604
447
6639
1763
5589
9817
231
604
116
8011
5717
5326
8075
7973
1461
3431
9384
9179
2253
9948
7278
9228
486
3016
4996
5378
2370
6936
9669
6914
8557
4752
9512
6731
1626
3885
4851
2550
7852
7013
2964
9350
5099
2503
5988
2881
4717
6233
3802
3818
2009
3546
7427
3486
4962
7879
4687
268
1662
9052
3653
823
3310
8167
8948
5603
6512
6980
7350
8985
8536
5437
9753
5882
2284
1905
5029
9596
4144
4214
3070
5328
8177
7391
4192
8547
589
6974
5544
4032
5383
8558
3304
37
1741
2126
4534
3359
719
8882
2143
1481
3267
246
7019
5818
7871
8212
6270
8503
6010
7861
1286
5756
7176
535
1656
2995
6499
9503
9778
8739
9709
2305
2820
3266
6983
1243
1197
3405
1409
308
2107
8235
4942
3555
98
6241
3091
1596
2523
4853
7113
4485
8934
4719
903
7053
2906
8177
9407
8801
5113
688
3113
7248
6582
58
3091
3289
8602
7217
201
4691
3823
4549
8274
1819
8327
5931
8510
141
9953
5305
2436
4626
7768
3247
6325
9547
1196
9459
7637
7625
3213
4180
620
5346
1027
2103
8734
8283
7350
5290
3496
5100
9885
6924
8028
9433
3992
2687
2024
4704
3213
9923
368
8399
1765
8862
6689
9838
748
3370
4099
9066
1719
6396
8030
5211
1409
2535
540
4342
5526
3520
6903
6017
2316
7211
6719
5810
6082
1555
6119
4957
7845
3325
759
7687
4681
6712
6394
9758
